58.000000 20.000000 40.000000 298.000000 138.000000 130.000000 114.000000 284.000000
44.000000 300.000000 98.000000 484.000000 116.000000 290.000000 140.000000 342.000000
104.000000 490.000000 222.000000 582.000000 140.000000 346.000000 192.000000 400.000000
206.000000 488.000000 240.000000 460.000000 196.000000 364.000000 250.000000 330.000000
228.000000 576.000000 318.000000 480.000000 192.000000 400.000000 256.000000 378.000000
318.000000 474.000000 370.000000 350.000000 264.000000 374.000000 302.000000 296.000000
374.000000 330.000000 370.000000 28.000000 300.000000 302.000000 302.000000 136.000000
366.000000 34.000000 62.000000 16.000000 304.000000 142.000000 140.000000 126.000000
52.000000 184.000000 170.000000 200.000000 128.000000 204.000000 186.000000 224.000000
246.000000 184.000000 362.000000 200.000000 214.000000 220.000000 284.000000 214.000000
74.000000 240.000000 164.000000 256.000000 128.000000 232.000000 174.000000 240.000000
238.000000 246.000000 338.000000 252.000000 226.000000 240.000000 266.000000 244.000000
192.000000 252.000000 176.000000 396.000000 182.000000 242.000000 170.000000 296.000000
178.000000 398.000000 236.000000 390.000000 170.000000 302.000000 210.000000 304.000000
236.000000 386.000000 220.000000 248.000000 208.000000 300.000000 208.000000 240.000000
170.000000 458.000000 240.000000 460.000000 156.000000 320.000000 250.000000 330.000000
174.000000 466.000000 210.000000 486.000000 162.000000 322.000000 194.000000 362.000000