35
0.000000 928.000000 244.000000 798.000000 1.000000 826.000000 230.000000 741.000000
245.000000 794.000000 287.000000 748.000000 231.000000 740.000000 254.000000 714.000000
385.000000 374.000000 398.000000 501.000000 394.000000 400.000000 392.000000 539.000000
435.000000 388.000000 505.000000 380.000000 448.000000 408.000000 527.000000 406.000000
335.000000 396.000000 269.000000 401.000000 336.000000 413.000000 263.000000 415.000000
364.000000 369.000000 303.000000 356.000000 357.000000 379.000000 300.000000 374.000000
295.000000 355.000000 230.000000 390.000000 296.000000 371.000000 222.000000 405.000000
410.000000 366.000000 454.000000 340.000000 431.000000 376.000000 492.000000 366.000000
460.000000 335.000000 537.000000 351.000000 497.000000 362.000000 564.000000 391.000000
317.000000 580.000000 373.000000 570.000000 307.000000 624.000000 366.000000 607.000000
376.000000 569.000000 403.000000 573.000000 368.000000 606.000000 388.000000 615.000000
406.000000 571.000000 434.000000 563.000000 393.000000 612.000000 413.000000 601.000000
437.000000 562.000000 496.000000 568.000000 412.000000 601.000000 484.000000 618.000000
319.000000 588.000000 368.000000 610.000000 310.000000 631.000000 361.000000 660.000000
493.000000 575.000000 441.000000 603.000000 484.000000 623.000000 434.000000 651.000000
370.000000 607.000000 440.000000 605.000000 361.000000 661.000000 431.000000 656.000000
323.000000 503.000000 284.000000 566.000000 319.000000 534.000000 276.000000 618.000000
464.000000 481.000000 524.000000 552.000000 468.000000 523.000000 519.000000 614.000000
355.000000 742.000000 468.000000 733.000000 339.000000 760.000000 449.000000 765.000000
232.000000 632.000000 339.000000 743.000000 237.000000 646.000000 334.000000 759.000000
581.000000 608.000000 474.000000 730.000000 557.000000 641.000000 456.000000 765.000000
174.000000 433.000000 135.000000 404.000000 179.000000 410.000000 139.000000 375.000000
134.000000 408.000000 141.000000 462.000000 138.000000 379.000000 130.000000 432.000000
141.000000 466.000000 172.000000 544.000000 130.000000 433.000000 165.000000 522.000000
612.000000 407.000000 614.000000 405.000000 621.000000 410.000000 622.000000 406.000000
648.000000 366.000000 619.000000 404.000000 652.000000 370.000000 622.000000 407.000000
653.000000 366.000000 659.000000 445.000000 651.000000 374.000000 677.000000 422.000000
655.000000 448.000000 623.000000 545.000000 672.000000 425.000000 630.000000 535.000000
619.000000 645.000000 733.000000 728.000000 584.000000 677.000000 648.000000 765.000000
736.000000 731.000000 798.000000 753.000000 651.000000 766.000000 795.000000 842.000000
478.000000 77.000000 337.000000 42.000000 522.000000 85.000000 389.000000 52.000000
331.000000 45.000000 191.000000 127.000000 378.000000 52.000000 215.000000 139.000000
180.000000 137.000000 131.000000 311.000000 197.000000 161.000000 159.000000 310.000000
545.000000 93.000000 656.000000 225.000000 530.000000 91.000000 615.000000 176.000000
659.000000 229.000000 655.000000 346.000000 621.000000 194.000000 634.000000 331.000000
