70.000000 188.000000 120.000000 168.000000 76.000000 322.000000 106.000000 314.000000
118.000000 168.000000 166.000000 188.000000 104.000000 314.000000 150.000000 330.000000
242.000000 188.000000 306.000000 174.000000 228.000000 320.000000 274.000000 308.000000
302.000000 170.000000 348.000000 198.000000 278.000000 304.000000 316.000000 322.000000
78.000000 236.000000 162.000000 258.000000 98.000000 350.000000 156.000000 352.000000
240.000000 242.000000 334.000000 252.000000 230.000000 352.000000 300.000000 348.000000
188.000000 244.000000 164.000000 396.000000 176.000000 352.000000 154.000000 434.000000
170.000000 394.000000 242.000000 398.000000 160.000000 450.000000 228.000000 446.000000
240.000000 392.000000 220.000000 238.000000 230.000000 438.000000 208.000000 346.000000
164.000000 454.000000 202.000000 462.000000 142.000000 492.000000 198.000000 498.000000
202.000000 462.000000 246.000000 460.000000 200.000000 496.000000 258.000000 486.000000
42.000000 294.000000 88.000000 458.000000 58.000000 370.000000 82.000000 480.000000
88.000000 460.000000 198.000000 580.000000 80.000000 488.000000 196.000000 570.000000
208.000000 582.000000 322.000000 466.000000 200.000000 568.000000 326.000000 488.000000
328.000000 458.000000 376.000000 284.000000 324.000000 486.000000 362.000000 368.000000
42.000000 284.000000 48.000000 118.000000 54.000000 358.000000 58.000000 248.000000
46.000000 114.000000 128.000000 20.000000 60.000000 240.000000 126.000000 148.000000
136.000000 12.000000 292.000000 12.000000 126.000000 144.000000 278.000000 142.000000
294.000000 16.000000 372.000000 134.000000 280.000000 140.000000 358.000000 250.000000
370.000000 134.000000 376.000000 286.000000 356.000000 248.000000 362.000000 368.000000
