44.000000 118.000000 68.000000 402.000000 80.000000 172.000000 64.000000 420.000000
70.000000 402.000000 204.000000 578.000000 64.000000 418.000000 188.000000 526.000000
214.000000 572.000000 342.000000 422.000000 190.000000 530.000000 312.000000 434.000000
334.000000 428.000000 386.000000 116.000000 312.000000 434.000000 370.000000 200.000000
48.000000 114.000000 132.000000 18.000000 82.000000 172.000000 164.000000 114.000000
142.000000 14.000000 302.000000 18.000000 170.000000 118.000000 292.000000 122.000000
306.000000 18.000000 386.000000 114.000000 294.000000 124.000000 366.000000 200.000000
62.000000 188.000000 170.000000 204.000000 78.000000 240.000000 166.000000 264.000000
252.000000 192.000000 362.000000 196.000000 242.000000 266.000000 330.000000 260.000000
80.000000 242.000000 172.000000 260.000000 98.000000 290.000000 160.000000 296.000000
258.000000 246.000000 340.000000 256.000000 242.000000 312.000000 310.000000 306.000000
184.000000 246.000000 166.000000 394.000000 176.000000 298.000000 152.000000 384.000000
166.000000 394.000000 246.000000 398.000000 156.000000 386.000000 226.000000 392.000000
240.000000 394.000000 230.000000 242.000000 226.000000 390.000000 220.000000 298.000000
170.000000 456.000000 244.000000 462.000000 130.000000 434.000000 248.000000 448.000000
168.000000 462.000000 194.000000 484.000000 124.000000 438.000000 186.000000 476.000000
206.000000 486.000000 244.000000 460.000000 188.000000 478.000000 246.000000 450.000000
